001 001 101 101 101 110 110 010 110 001 011 011 011 011 001 001 001 001 011 001 001 011 011 011 011 011 011 001 011 011 
001 000 101 101 101 000 010 010 010 110 110 000 110 000 000 000 010 001 001 001 001 001 001 001 001 001 001 001 001 001 
001 000 101 101 111 000 110 010 110 000 110 110 100 011 011 100 100 000 110 001 001 001 001 001 001 001 001 000 000 001 
001 000 101 101 111 000 110 010 110 000 110 011 011 011 011 011 011 100 010 110 001 001 011 011 001 001 001 000 001 001 
001 000 111 101 111 110 110 010 110 010 001 011 011 011 001 011 011 100 000 111 110 001 001 001 011 001 011 001 001 001 
001 000 111 111 101 010 010 010 010 001 010 110 011 100 011 011 011 100 100 010 010 110 011 001 011 011 001 001 000 001 
001 000 111 010 101 010 010 010 110 000 111 111 110 011 011 011 011 100 100 000 010 111 110 011 011 011 011 001 001 001 
001 001 010 010 111 111 010 111 110 010 101 101 111 111 010 001 100 100 100 000 010 010 111 001 011 011 011 001 001 000 
001 001 010 110 010 111 010 101 001 111 101 101 111 111 010 011 100 100 100 000 000 010 111 110 011 011 011 011 001 001 
110 110 010 010 110 111 010 111 000 111 101 101 111 010 110 011 100 100 100 000 000 110 010 110 110 001 001 001 001 001 
101 101 101 111 111 111 111 111 000 110 010 111 111 010 110 001 100 100 100 001 000 001 010 001 000 110 110 001 001 011 
101 101 101 111 101 101 111 111 110 000 010 111 001 001 001 011 100 100 100 001 001 001 110 100 000 111 010 110 110 001 
101 101 101 111 111 111 111 111 111 110 010 110 100 011 001 011 100 100 011 001 011 011 011 100 011 111 111 111 010 110 
101 101 101 111 111 101 010 111 111 111 111 001 011 001 011 100 100 100 001 001 100 100 100 100 011 111 111 111 010 010 
101 101 101 111 111 101 110 010 111 111 110 011 000 110 011 011 011 011 001 011 100 011 011 100 100 000 010 010 110 001 
101 101 101 111 101 101 110 010 111 111 001 011 000 010 110 001 011 011 011 100 100 000 110 100 100 011 010 001 100 100 
101 111 111 101 101 101 110 010 111 110 100 011 110 110 001 011 100 011 011 100 100 000 111 110 110 010 001 100 100 100 
111 111 101 101 111 101 110 010 010 010 001 000 110 001 011 100 011 011 100 100 100 010 010 010 010 110 001 100 011 011 
111 111 101 101 111 101 111 010 010 110 001 011 001 001 011 100 011 100 100 100 011 010 110 000 010 001 110 001 001 011 
010 101 101 101 111 111 101 010 010 110 001 001 001 001 011 100 100 100 100 100 000 111 110 011 000 010 111 110 011 011 
111 101 111 111 111 010 111 111 010 111 010 110 001 011 100 100 100 100 011 100 000 101 110 100 011 000 111 111 110 001 
101 101 101 111 111 111 010 010 110 110 001 011 100 011 001 100 100 011 110 001 010 101 110 011 001 000 111 111 001 011 
101 101 111 111 111 111 110 010 010 010 001 011 011 001 011 100 100 001 010 010 101 111 110 011 011 000 111 101 110 000 
101 101 111 101 111 111 111 110 010 110 010 010 110 100 100 011 001 001 111 101 101 111 001 011 011 001 000 010 111 000 
101 101 111 101 101 111 111 111 110 010 110 110 001 011 001 001 011 001 111 101 101 111 110 011 011 001 010 010 111 110 
101 101 111 111 111 010 110 010 010 110 001 000 001 011 011 110 001 011 000 111 111 111 010 110 011 000 010 010 010 110 
111 111 101 111 111 111 010 110 010 110 010 110 110 110 001 011 011 011 011 000 010 111 111 111 110 000 010 010 010 010 
010 110 000 010 111 111 111 111 111 010 010 000 001 001 011 011 011 011 011 100 000 111 111 111 010 110 010 010 010 111 
010 110 001 100 011 000 010 010 110 110 110 001 001 001 011 011 011 011 011 001 011 010 111 111 010 010 010 010 010 010 
110 001 001 011 100 100 100 011 000 000 110 001 001 001 011 001 001 001 110 000 001 000 111 111 010 010 010 010 010 010 000
97.125 98.28125 102.140625 106.0625 111.375 111.109375 112.21875 117.6875 118.0 117.6875 119.5 119.3125 123.6875 130.57812 137.48438 140.45312 
97.3125 98.328125 101.390625 105.015625 110.921875 111.375 112.859375 117.828125 118.0 117.859375 120.4375 121.03125 125.265625 132.03125 138.42188 141.03125 
97.09375 98.265625 100.328125 103.5 109.796875 111.15625 113.078125 117.796875 117.75 117.703125 121.296875 122.875 127.140625 133.85938 139.09375 141.07812 
95.96875 97.671875 99.0625 101.796875 108.046875 110.078125 112.46875 116.6875 116.78125 116.984375 121.515625 124.171875 128.73438 135.0625 138.76562 139.96875 
94.953125 96.71875 97.9375 100.296875 105.828125 108.234375 111.015625 115.0625 114.953125 116.1875 121.34375 124.8125 129.65625 135.65625 138.0625 138.42188 
94.046875 95.03125 96.515625 99.234375 104.40625 106.75 109.53125 113.40625 113.046875 115.4375 120.765625 124.34375 129.45312 135.07812 136.75 136.67188 
91.46875 91.953125 94.46875 98.828125 104.140625 105.890625 108.046875 111.28125 111.78125 115.015625 119.3125 122.390625 127.828125 133.32812 134.84375 134.4375 
88.515625 88.90625 92.625 98.765625 104.296875 105.546875 106.6875 109.296875 111.28125 114.53125 117.875 120.328125 126.015625 131.54688 133.1875 132.8125 
85.515625 84.609375 90.21875 98.984375 105.59375 105.484375 104.25 106.578125 110.234375 113.703125 115.84375 118.25 123.5 129.875 132.23438 131.28125 
82.375 82.125 89.109375 98.90625 105.359375 103.890625 101.390625 103.90625 109.046875 112.25 113.65625 116.34375 121.953125 128.09375 130.64062 129.57812 
79.71875 80.15625 88.109375 98.6875 104.71875 101.671875 98.40625 101.46875 107.515625 110.359375 110.796875 113.5 119.640625 125.625 128.75 128.01562 
78.28125 79.390625 87.671875 97.90625 103.359375 99.59375 96.171875 99.828125 105.75 108.359375 108.078125 110.75 116.859375 123.09375 126.96875 126.609375 
77.109375 79.28125 87.390625 96.640625 101.4375 97.5 94.015625 97.671875 103.578125 105.953125 105.546875 108.078125 114.171875 120.625 125.203125 125.09375 
76.828125 79.890625 87.0625 94.96875 99.234375 95.453125 92.03125 94.921875 101.21875 103.421875 103.796875 106.390625 112.125 118.78125 123.75 123.96875 
77.890625 80.9375 86.75 93.03125 96.953125 93.75 90.859375 93.28125 98.640625 101.375 103.5625 106.421875 111.25 117.578125 122.6875 123.359375 
79.03125 81.703125 86.15625 91.25 95.1875 92.65625 90.453125 92.9375 96.671875 100.234375 103.953125 107.234375 111.234375 116.890625 121.890625 123.078125 
001
96.26923 97.29487 98.371796 100.583336 100.98718 97.95513 96.26282 95.82051 95.46795 95.6859 94.14103 91.71154 90.55769 90.32692 91.20513 92.75641 
96.57692 98.14103 99.53205 101.371796 101.416664 98.45513 96.666664 96.11539 95.46154 95.410255 93.84615 91.49359 90.21154 90.02564 90.89103 92.23718 
96.78846 98.916664 100.74359 101.96795 101.551285 98.448715 96.551285 95.878204 95.0 94.69231 93.29487 90.98077 89.73077 89.60256 90.47436 91.5641 
96.76923 99.01923 101.00641 101.84615 101.0641 98.03846 95.98718 95.11539 93.71154 93.23718 92.128204 90.30769 89.35256 89.30769 90.03205 90.84615 
96.6859 98.60256 100.46795 101.04487 100.14744 97.3141 95.21795 94.089745 92.24359 91.63461 90.95513 89.76282 89.25 89.30769 89.61539 89.99359 
96.92949 98.089745 99.54487 99.871796 98.98077 96.51282 94.53205 93.089745 91.09615 90.05769 89.51282 89.01282 89.371796 89.448715 89.26923 89.21795 
97.39744 97.86539 98.73077 98.6859 97.78205 95.76282 94.00641 92.378204 90.17949 88.57051 87.96154 88.03205 89.32692 89.51282 88.801285 88.416664 
97.78846 97.82051 98.26923 97.9359 96.92308 95.29487 93.801285 92.03205 89.48718 87.698715 86.871796 87.32051 89.21795 89.49359 88.46795 87.92949 
98.32692 98.35897 97.833336 96.82051 95.79487 94.39103 93.71795 92.13461 89.35256 87.02564 85.78205 86.801285 89.25641 89.70513 88.26923 87.589745 
98.75 98.42308 97.34615 96.21795 95.01923 93.5 93.089745 91.76923 89.03846 87.11539 86.03205 86.878204 89.128204 89.833336 88.67949 88.083336 
99.60897 98.75 96.97436 95.47436 94.23077 92.78846 92.51282 91.410255 88.86539 87.35897 86.410255 86.82692 88.82051 89.95513 89.4359 88.99359 
100.25 99.11539 96.75 94.99359 93.67949 92.32692 91.89744 90.77564 88.75 87.77564 86.97436 86.8141 88.42949 89.88461 90.0641 89.94231 
100.9359 99.47436 96.9359 95.17949 93.698715 92.14744 91.378204 90.30769 88.78846 88.26282 87.49359 87.07692 88.19231 89.75 90.448715 90.65385 
101.47436 99.72436 97.35897 95.82051 94.198715 92.48718 91.333336 90.64744 89.301285 89.03846 88.20513 87.34615 88.23718 89.698715 90.71154 91.10897 
101.84615 99.73077 97.70513 96.448715 94.6859 92.61539 91.1859 90.948715 90.47436 90.26923 89.160255 87.89103 88.39103 89.70513 90.92308 91.5641 
102.0 99.73718 98.02564 96.94231 94.85256 92.416664 90.78846 90.96154 91.48077 91.25641 89.910255 88.42949 88.67949 89.71795 91.083336 91.8141 
010
139.0155 140.06201 138.82945 134.43411 131.97675 133.69768 137.68217 142.81395 143.68993 141.70543 139.44962 136.86821 136.79845 139.99225 144.12402 145.72868 
140.21706 139.84496 137.58914 133.11627 131.46512 134.62791 139.18605 143.8062 144.13954 141.4031 138.94574 136.79845 137.04651 140.5969 145.33333 147.27907 
141.50388 139.23256 135.92249 131.72868 131.53488 136.29457 141.0 144.45737 143.969 140.63567 138.32558 137.3876 138.22481 141.89148 147.1628 148.93799 
141.87598 137.97675 134.41086 131.21706 132.53488 138.12402 142.17055 144.10077 142.62015 138.93024 137.39536 138.1783 140.06201 143.6124 148.49612 149.5969 
141.5969 136.52713 132.87598 131.1938 133.8372 139.37985 142.67442 142.95349 141.06201 137.26357 136.44962 138.89148 142.18605 145.70543 149.34883 149.24031 
141.0 135.26357 131.8372 131.55038 135.28682 140.46512 142.8062 141.55814 139.06201 135.93799 136.27907 140.0 144.27132 147.22481 149.30232 148.03876 
139.95349 134.31007 131.54263 132.71318 137.18605 141.70543 143.06976 140.31007 136.65117 135.13179 137.27132 141.75969 146.13179 147.70543 147.95349 145.75969 
138.73643 133.51938 131.63567 133.88373 138.72093 142.71318 143.39536 139.68217 135.39536 135.24806 138.8527 143.72093 147.53488 147.81395 146.55814 143.71318 
137.24806 133.35658 132.52713 135.13954 139.87598 143.53488 142.74419 138.969 135.6124 136.2093 140.34108 145.031 148.55814 147.88373 145.031 141.90698 
136.20155 133.07751 133.13179 136.34108 140.76744 143.57364 142.27132 138.72868 136.03876 137.24031 141.51938 145.88373 148.50388 146.99225 143.69768 140.65892 
134.65117 132.55038 133.969 137.71318 141.74419 143.37985 141.2093 138.09302 136.02325 138.17055 142.48837 146.32558 148.12402 146.27132 142.70543 139.65892 
133.26357 132.07751 134.22481 137.90698 141.44186 142.27132 139.6124 137.34108 135.93799 138.79845 142.91473 145.93799 147.36433 145.97675 142.51163 139.31007 
132.15504 131.66667 134.11627 137.30232 140.31007 140.65892 138.03876 136.73643 136.4031 139.30232 143.10852 145.55814 146.60464 145.75194 142.68217 139.47287 
130.88373 131.44186 134.3876 137.07751 139.1473 138.94574 136.52713 136.06201 136.93799 139.71318 143.18605 145.10852 145.71318 145.27132 142.67442 139.97675 
130.51163 131.65892 134.5969 136.54263 137.33333 136.6124 135.1473 135.70543 137.33333 139.89148 143.02325 144.36433 144.43411 143.89923 141.72093 139.4031 
131.1628 132.27907 134.63567 135.48062 135.32558 134.56589 134.49612 136.28682 137.49612 139.86821 142.68217 143.55814 143.2093 142.45737 140.35658 138.26357 
011
76.9 75.578575 73.61429 72.942856 71.12857 69.73572 69.45 69.82143 71.72143 73.34286 73.86429 73.792854 73.15 73.22143 73.82143 73.17857 
75.50714 74.421425 72.84286 72.38571 70.6 68.9 68.58572 68.98572 70.75714 72.40714 73.21429 73.457146 72.814285 72.72857 73.13571 72.328575 
73.935715 73.15 71.828575 71.78571 70.13571 68.2 67.814285 68.00714 69.89286 71.45 72.28571 72.814285 72.185715 72.08572 72.61429 71.807144 
73.23572 72.57143 71.23572 71.34286 70.09286 68.15 67.85 67.95 69.76428 71.13571 71.67857 72.33572 71.828575 71.89286 72.87143 72.307144 
72.92857 72.41428 70.97857 71.2 70.40714 68.8 68.63571 68.62143 69.97143 71.33572 71.65714 72.192856 71.96429 72.192856 73.807144 73.51428 
72.77143 72.55 71.171425 71.4 71.057144 69.83572 69.77143 69.671425 70.72143 72.042854 71.88571 72.51428 72.67857 73.11429 75.03571 75.15 
72.957146 72.99286 71.64286 71.90714 71.96429 71.207146 71.26428 71.16428 71.78571 72.90714 72.34286 72.921425 73.67857 74.22857 76.24286 76.6 
73.421425 73.5 72.03571 72.292854 72.66428 72.41428 72.65714 72.65714 72.57143 73.53571 72.557144 73.32143 74.51428 75.078575 76.96429 77.37143 
73.87857 73.814285 72.7 72.52857 73.207146 73.28571 73.92857 73.85 73.71429 73.96429 73.82143 74.11429 74.807144 75.23572 76.60714 77.207146 
74.48572 74.21429 73.1 72.935715 73.64286 74.10714 74.7 74.51428 74.10714 74.74286 74.62143 74.692856 75.2 75.192856 76.292854 76.84286 
75.07143 74.62857 73.72857 73.457146 74.36429 75.07143 75.48572 75.25714 74.85714 75.84286 75.62143 75.33572 75.27143 74.84286 75.85 76.671425 
75.72143 74.99286 74.41428 74.33572 75.22143 75.95 76.17857 76.08572 75.67857 77.13571 76.87143 76.01428 75.32143 74.457146 75.4 76.66428 
76.89286 75.72857 75.15 75.42857 76.50714 77.064285 76.91428 76.84286 77.07143 78.7 78.5 77.2 75.9 74.7 75.62857 76.828575 
78.10714 76.7 76.11429 76.95 78.171425 78.23572 77.87143 77.85714 78.65 80.10714 79.75 78.25714 76.685715 75.50714 76.36429 77.40714 
79.22857 78.1 77.814285 78.91428 80.05 79.707146 79.1 79.34286 80.057144 81.22143 80.671425 79.11429 77.421425 76.421425 77.32143 78.05 
80.12857 79.48572 79.6 80.8 81.707146 80.97143 80.35 80.72143 81.11429 82.07143 81.53571 79.942856 78.12857 77.12143 78.09286 78.59286 
100
56.482353 56.011765 54.623528 52.02353 50.14118 49.2 48.67059 49.070587 49.564705 49.741177 50.14118 50.52941 50.129414 50.588234 51.411766 51.294117 
55.04706 54.67059 53.294117 50.8 48.941177 47.988235 47.435295 47.69412 48.011765 48.411766 49.094116 49.564705 48.941177 49.094116 50.058823 50.4 
53.47059 53.152943 51.741177 49.458824 47.623528 46.588234 45.91765 46.011765 46.42353 47.011765 47.941177 48.482353 47.741177 47.69412 49.070587 50.035294 
52.070587 51.52941 50.17647 48.22353 46.64706 45.482353 44.505882 44.42353 45.011765 45.741177 46.611763 47.341175 46.705883 46.882355 48.42353 49.729412 
50.635296 49.717648 48.458824 47.17647 45.95294 44.55294 43.435295 43.094116 43.64706 44.494118 45.411766 46.058823 45.847057 46.094116 47.588234 48.82353 
49.458824 48.164707 47.070587 46.411766 45.588234 44.294117 42.964706 42.494118 42.658825 43.44706 44.435295 45.070587 44.95294 45.4 46.729412 48.070587 
48.682354 47.10588 45.97647 45.717648 45.411766 44.55294 43.44706 42.8 42.294117 42.705883 43.505882 44.188236 44.235294 44.6 46.0 47.741177 
48.152943 46.42353 45.364704 45.282352 45.341175 45.10588 44.294117 43.505882 42.55294 42.458824 43.058823 43.717648 43.77647 44.02353 45.52941 47.729412 
47.941177 46.258823 45.42353 45.388237 45.32941 45.317646 44.623528 43.55294 42.69412 42.635296 42.95294 43.494118 43.75294 44.341175 46.117645 47.929413 
47.988235 46.24706 45.317646 45.235294 45.294117 45.270588 44.505882 43.282352 42.705883 42.705883 42.964706 43.64706 44.011765 44.682354 46.55294 48.24706 
47.75294 46.211765 45.22353 44.870586 44.847057 44.764706 44.094116 43.08235 42.870586 42.905884 43.211765 43.788235 44.57647 45.458824 47.129414 48.611763 
47.811764 46.482353 45.411766 44.8 44.364704 44.22353 43.67059 43.058823 43.42353 43.458824 43.588234 44.10588 45.270588 46.482353 48.011765 49.24706 
48.235294 47.10588 46.035294 45.10588 44.35294 43.89412 43.6 43.4 43.95294 44.10588 44.035294 44.541176 46.04706 47.611763 48.929413 50.070587 
48.705883 47.67059 46.541176 45.6 44.717648 44.04706 43.882355 43.82353 44.494118 44.847057 44.882355 45.317646 47.188236 48.811764 49.941177 50.75294 
49.376472 48.32941 47.22353 46.482353 45.611763 44.89412 44.682354 44.82353 45.44706 46.10588 46.376472 46.717648 48.564705 50.14118 50.905884 51.388237 
50.282352 49.070587 48.117645 47.458824 46.52941 45.705883 45.623528 45.811764 46.55294 47.435295 47.67059 47.988235 49.82353 51.24706 51.6 51.870586 
101
181.45122 182.03659 181.41463 180.70732 181.06097 181.7561 182.90244 183.39024 184.01219 184.2683 184.10976 182.45122 179.7683 177.19513 176.65854 178.03659 
180.85365 181.36586 181.06097 180.87805 181.7561 182.7317 183.57317 184.2561 184.41463 184.84146 184.80487 182.7561 179.7561 176.93903 176.03659 176.84146 
180.03659 180.63414 180.52438 180.85365 182.2683 183.59756 184.42683 185.20732 184.7561 184.93903 184.53659 182.31708 179.2439 176.63414 175.69513 175.92683 
180.02438 180.7683 181.01219 181.30487 182.56097 183.91463 184.67073 185.57317 185.30487 184.86586 183.79268 181.45122 178.60976 176.45122 175.46341 175.13414 
180.5 181.71951 182.28049 182.29268 183.03659 184.28049 185.17073 186.18292 185.91463 184.7439 182.92683 180.58537 178.37805 176.80487 176.0 174.90244 
181.15854 182.63414 183.31708 183.2683 183.81708 184.92683 186.08537 186.95122 185.78049 184.18292 181.82927 179.70732 178.41463 177.96341 177.57317 176.21951 
182.29268 183.51219 183.86586 183.92683 184.43903 185.34146 186.45122 186.79268 184.98781 183.34146 181.43903 180.10976 179.60976 179.47562 178.98781 177.09756 
183.13414 183.93903 184.02438 184.19513 184.7683 185.37805 186.06097 185.67073 184.06097 182.97562 181.93903 181.46341 181.35365 180.84146 179.42683 176.85365 
182.86586 183.51219 183.91463 184.07317 185.04878 185.21951 184.62195 184.89024 183.68292 182.92683 182.91463 183.19513 182.12195 180.7561 178.84146 175.64635 
182.30487 182.71951 183.35365 184.02438 184.95122 185.01219 184.2439 184.02438 183.84146 184.20732 184.7683 184.48781 181.7561 179.17073 177.13414 174.2683 
182.06097 182.28049 183.15854 184.04878 184.58537 184.79268 184.48781 184.46341 185.2317 185.7683 185.46341 183.86586 179.98781 176.98781 175.65854 173.91463 
182.42683 182.67073 183.45122 184.19513 184.2439 184.47562 185.10976 185.71951 186.7317 186.2561 184.45122 181.59756 177.54878 175.2317 175.19513 174.70732 
182.7561 182.87805 183.46341 184.20732 184.28049 184.57317 185.34146 186.10976 186.57317 185.60976 182.86586 179.63414 176.02438 174.43903 175.40244 175.87805 
182.7439 182.89024 183.19513 184.01219 184.5 184.63414 185.08537 185.35365 184.96341 183.63414 180.98781 178.2439 175.87805 175.01219 176.2683 177.21951 
182.7439 183.06097 183.07317 183.58537 183.98781 184.01219 184.31708 184.41463 183.13414 181.90244 179.89024 178.2317 177.13414 176.60976 177.03659 177.39024 
182.52438 183.15854 183.32927 183.2683 183.2683 183.15854 183.65854 183.85365 182.17073 181.46341 180.41463 179.54878 179.06097 177.78049 176.79268 176.21951 
110
125.67619 121.14286 118.333336 117.98095 118.90476 118.333336 115.86667 111.36191 107.819046 108.22857 110.22857 111.87619 112.295235 109.59048 105.72381 103.542854 
127.09524 122.666664 120.2381 119.95238 120.438095 119.0 115.67619 110.87619 107.685715 108.62857 110.97143 112.457146 112.542854 109.27619 104.90476 102.91428 
128.28572 124.314285 122.75238 122.62857 122.28571 119.457146 115.0 110.457146 108.21905 109.72381 112.13333 113.01905 112.561905 108.67619 103.8381 102.314285 
128.78094 125.942856 125.65714 125.47619 124.066666 119.828575 114.47619 110.457146 109.14286 111.09524 113.12381 112.96191 111.52381 107.438095 102.84762 102.11429 
129.17143 128.01904 129.0 128.84763 126.32381 120.704765 114.542854 111.057144 110.55238 112.78095 114.21905 112.62857 110.09524 105.91428 102.27619 102.39047 
129.40953 130.19048 132.48572 132.05714 128.45714 121.47619 114.89524 112.01905 112.42857 114.96191 115.26667 112.171425 108.066666 103.7619 101.75238 102.86667 
130.58095 133.2 136.35239 135.22858 130.22858 122.24762 115.819046 113.99048 115.22857 117.72381 116.42857 111.71429 106.26667 101.933334 101.666664 103.97143 
132.65715 136.38095 139.92381 138.02856 131.83809 123.25714 117.24762 116.30476 117.8381 120.09524 117.63809 111.65714 105.47619 101.35238 102.295235 105.4 
134.58095 140.37143 143.44762 140.09525 132.63809 124.057144 119.180954 119.27619 121.01905 122.457146 118.819046 111.84762 105.48572 101.55238 103.4 108.057144 
137.88571 143.60953 145.5619 140.55238 132.30476 124.30476 120.92381 122.57143 123.819046 124.26667 119.87619 112.60953 106.333336 102.78095 105.14286 110.180954 
141.53334 146.85715 147.10477 140.0 131.11429 124.171425 122.84762 126.209526 126.790474 125.88571 120.561905 113.00952 107.24762 104.46667 107.51428 112.60953 
144.01904 148.6 147.25714 138.68571 129.81905 124.44762 124.809525 128.95238 128.37143 126.438095 120.36191 113.0 108.04762 106.42857 109.77143 114.46667 
145.77142 149.07619 146.30476 136.9619 128.57143 124.89524 126.542854 130.69524 129.62857 126.30476 119.72381 112.48572 108.39047 107.85714 111.52381 115.72381 
147.15237 148.51428 144.2 134.72382 127.34286 125.933334 128.88571 132.53334 130.75238 125.85714 118.561905 111.30476 108.295235 109.13333 113.11429 116.72381 
147.65715 146.86667 141.34285 132.60953 127.12381 128.04762 131.6762 134.05714 131.01904 124.97143 117.295235 110.63809 109.01905 111.209526 115.1619 117.809525 
147.5238 145.33333 139.22858 131.45714 127.53333 129.85715 133.21906 134.31429 130.61905 124.00952 116.52381 110.72381 110.26667 113.50476 117.01905 118.7619 
111
161.44604 161.65468 160.84892 160.15108 162.34532 165.23741 164.77698 162.8705 159.84172 158.17267 158.0 158.74101 158.23741 155.81294 154.30936 154.35971 
161.17267 161.53238 161.74101 161.71223 163.42445 165.27338 163.70503 161.48201 159.90648 159.10791 159.07195 159.35971 158.39569 156.25899 155.27338 155.7554 
161.41006 161.45323 162.61151 163.35971 164.31654 164.86331 162.41727 160.2518 159.94244 160.36691 160.56116 160.16547 158.7482 156.97122 156.30936 156.69064 
161.69785 161.32375 163.15828 164.33813 164.30936 163.90648 161.17986 159.52518 160.29497 161.80576 161.8705 160.76979 159.02878 157.66187 157.05035 157.02158 
161.13669 160.68346 163.07913 164.71223 163.71223 162.57555 160.28058 159.23021 161.14389 163.02158 162.55396 160.78418 158.94965 158.09352 157.66187 157.35971 
159.94965 159.79137 162.48921 164.43884 163.0 161.65468 160.34532 160.03596 162.67625 163.89928 162.51079 160.28058 158.81294 158.4964 157.96404 157.38849 
159.09352 159.65468 162.3741 164.23741 162.58273 161.30936 161.1295 161.41006 163.92805 164.34532 161.89209 159.54677 158.81294 159.1223 158.47482 157.41006 
158.89928 160.1223 162.82014 164.43884 162.56834 161.20143 161.64029 162.21582 164.25899 164.2446 161.18706 158.83453 158.89209 159.82014 159.25899 157.88489 
158.51079 160.98561 163.22302 164.5036 162.66907 160.6259 162.10072 163.07913 163.92087 163.36691 159.90648 158.58994 159.48921 160.46043 159.8777 158.06474 
158.63309 161.38849 163.28777 164.11511 162.25899 159.99281 161.63309 163.20863 163.6187 162.1295 159.10072 158.56834 160.17267 161.47482 160.33093 158.00719 
158.81294 161.7482 162.74101 162.70503 161.30936 159.3813 161.35252 163.44604 162.94965 160.76979 159.08633 159.56116 161.48201 162.40288 160.36691 157.69064 
159.18706 162.04317 161.79137 160.76979 160.20863 159.38849 161.3741 163.48201 161.85611 159.58273 159.7482 161.10791 162.63309 162.4964 159.82014 157.20863 
159.46762 162.01439 160.77698 158.80576 159.1295 159.58273 161.46762 163.11511 161.05756 158.84172 160.22302 162.11511 163.04317 161.82014 158.71942 156.51079 
159.23021 160.96404 159.30215 157.11511 158.33093 159.97122 161.53957 162.64029 160.53238 158.39569 160.33093 162.23021 162.36691 160.2518 157.2518 155.69785 
158.01439 159.03596 157.58994 155.8777 158.25899 160.74101 161.74101 162.15108 159.83453 157.71942 159.64029 161.35252 160.65468 157.94244 156.00719 155.67625 
156.58273 157.35252 156.26619 155.44604 158.53957 161.54677 161.89209 161.71223 159.35971 157.19424 158.92087 160.38849 159.05035 156.23741 155.41006 156.26619